{
 "cells": [
  {
   "cell_type": "code",
   "execution_count": 62,
   "id": "117afeed",
   "metadata": {},
   "outputs": [],
   "source": [
    "import numpy as np"
   ]
  },
  {
   "cell_type": "code",
   "execution_count": 75,
   "id": "17b72a08",
   "metadata": {},
   "outputs": [
    {
     "data": {
      "text/plain": [
       "((10, 10), dtype('float64'))"
      ]
     },
     "execution_count": 75,
     "metadata": {},
     "output_type": "execute_result"
    }
   ],
   "source": [
    "fname = \"tester.npy\"\n",
    "creation = np.ones((10,10), dtype='float64')\n",
    "np.save(fname, creation)\n",
    "creation.shape, creation.dtype"
   ]
  },
  {
   "cell_type": "code",
   "execution_count": 76,
   "id": "4041107f",
   "metadata": {},
   "outputs": [
    {
     "data": {
      "text/plain": [
       "((10, 10), dtype('float64'))"
      ]
     },
     "execution_count": 76,
     "metadata": {},
     "output_type": "execute_result"
    }
   ],
   "source": [
    "loaded = np.load(fname)\n",
    "loaded.shape, loaded.dtype"
   ]
  },
  {
   "cell_type": "code",
   "execution_count": 80,
   "id": "2432d445",
   "metadata": {},
   "outputs": [
    {
     "data": {
      "text/plain": [
       "((10, 10), dtype('float64'))"
      ]
     },
     "execution_count": 80,
     "metadata": {},
     "output_type": "execute_result"
    }
   ],
   "source": [
    "loadmem = np.lib.format.open_memmap(fname, mode='r', dtype=loaded.dtype, shape=loaded.shape)\n",
    "loadmem.shape, loadmem.dtype"
   ]
  },
  {
   "cell_type": "code",
   "execution_count": 81,
   "id": "8f968c8d",
   "metadata": {},
   "outputs": [
    {
     "data": {
      "text/plain": [
       "memmap([[1., 1., 1., 1., 1., 1., 1., 1., 1., 1.],\n",
       "        [1., 1., 1., 1., 1., 1., 1., 1., 1., 1.],\n",
       "        [1., 1., 1., 1., 1., 1., 1., 1., 1., 1.],\n",
       "        [1., 1., 1., 1., 1., 1., 1., 1., 1., 1.],\n",
       "        [1., 1., 1., 1., 1., 1., 1., 1., 1., 1.],\n",
       "        [1., 1., 1., 1., 1., 1., 1., 1., 1., 1.],\n",
       "        [1., 1., 1., 1., 1., 1., 1., 1., 1., 1.],\n",
       "        [1., 1., 1., 1., 1., 1., 1., 1., 1., 1.],\n",
       "        [1., 1., 1., 1., 1., 1., 1., 1., 1., 1.],\n",
       "        [1., 1., 1., 1., 1., 1., 1., 1., 1., 1.]])"
      ]
     },
     "execution_count": 81,
     "metadata": {},
     "output_type": "execute_result"
    }
   ],
   "source": [
    "loadmem"
   ]
  },
  {
   "cell_type": "code",
   "execution_count": 82,
   "id": "306e1e51",
   "metadata": {},
   "outputs": [
    {
     "data": {
      "text/plain": [
       "array([[ True,  True,  True,  True,  True,  True,  True,  True,  True,\n",
       "         True],\n",
       "       [ True,  True,  True,  True,  True,  True,  True,  True,  True,\n",
       "         True],\n",
       "       [ True,  True,  True,  True,  True,  True,  True,  True,  True,\n",
       "         True],\n",
       "       [ True,  True,  True,  True,  True,  True,  True,  True,  True,\n",
       "         True],\n",
       "       [ True,  True,  True,  True,  True,  True,  True,  True,  True,\n",
       "         True],\n",
       "       [ True,  True,  True,  True,  True,  True,  True,  True,  True,\n",
       "         True],\n",
       "       [ True,  True,  True,  True,  True,  True,  True,  True,  True,\n",
       "         True],\n",
       "       [ True,  True,  True,  True,  True,  True,  True,  True,  True,\n",
       "         True],\n",
       "       [ True,  True,  True,  True,  True,  True,  True,  True,  True,\n",
       "         True],\n",
       "       [ True,  True,  True,  True,  True,  True,  True,  True,  True,\n",
       "         True]])"
      ]
     },
     "execution_count": 82,
     "metadata": {},
     "output_type": "execute_result"
    }
   ],
   "source": [
    "loaded == loadmem"
   ]
  },
  {
   "cell_type": "code",
   "execution_count": 13,
   "id": "85becd15",
   "metadata": {},
   "outputs": [],
   "source": [
    "mep = np.memmap('../generations/huang2016_200_50.npy', mode='r', dtype=np.float64, shape=(4, 40, 200, 200))"
   ]
  },
  {
   "cell_type": "code",
   "execution_count": 4,
   "id": "05fbb14b",
   "metadata": {},
   "outputs": [],
   "source": [
    "mop = np.load('../generations/huang2016_200_50.npy')"
   ]
  },
  {
   "cell_type": "code",
   "execution_count": 12,
   "id": "1b3efd38",
   "metadata": {},
   "outputs": [
    {
     "data": {
      "text/plain": [
       "dtype('float64')"
      ]
     },
     "execution_count": 12,
     "metadata": {},
     "output_type": "execute_result"
    }
   ],
   "source": [
    "mop.dtype"
   ]
  },
  {
   "cell_type": "code",
   "execution_count": 14,
   "id": "7c0ecc3c",
   "metadata": {},
   "outputs": [
    {
     "data": {
      "text/plain": [
       "array([[[[False, False, False, ...,  True,  True,  True],\n",
       "         [ True,  True,  True, ...,  True,  True,  True],\n",
       "         [ True,  True,  True, ...,  True,  True,  True],\n",
       "         ...,\n",
       "         [ True,  True,  True, ...,  True,  True,  True],\n",
       "         [ True,  True,  True, ...,  True,  True,  True],\n",
       "         [ True,  True,  True, ...,  True,  True,  True]],\n",
       "\n",
       "        [[ True,  True,  True, ...,  True,  True,  True],\n",
       "         [ True,  True,  True, ...,  True,  True,  True],\n",
       "         [ True,  True,  True, ...,  True,  True,  True],\n",
       "         ...,\n",
       "         [ True,  True,  True, ...,  True,  True,  True],\n",
       "         [ True,  True,  True, ...,  True,  True,  True],\n",
       "         [ True,  True,  True, ...,  True,  True,  True]],\n",
       "\n",
       "        [[ True,  True,  True, ...,  True,  True,  True],\n",
       "         [ True,  True,  True, ...,  True,  True,  True],\n",
       "         [ True,  True,  True, ...,  True,  True,  True],\n",
       "         ...,\n",
       "         [ True,  True,  True, ...,  True,  True,  True],\n",
       "         [ True,  True,  True, ...,  True,  True,  True],\n",
       "         [ True,  True,  True, ...,  True,  True,  True]],\n",
       "\n",
       "        ...,\n",
       "\n",
       "        [[ True,  True,  True, ...,  True,  True,  True],\n",
       "         [ True,  True,  True, ...,  True,  True,  True],\n",
       "         [ True,  True,  True, ...,  True,  True,  True],\n",
       "         ...,\n",
       "         [ True,  True,  True, ...,  True,  True,  True],\n",
       "         [ True,  True,  True, ...,  True,  True,  True],\n",
       "         [ True,  True,  True, ...,  True,  True,  True]],\n",
       "\n",
       "        [[ True,  True,  True, ...,  True,  True,  True],\n",
       "         [ True,  True,  True, ...,  True,  True,  True],\n",
       "         [ True,  True,  True, ...,  True,  True,  True],\n",
       "         ...,\n",
       "         [ True,  True,  True, ...,  True,  True,  True],\n",
       "         [ True,  True,  True, ...,  True,  True,  True],\n",
       "         [ True,  True,  True, ...,  True,  True,  True]],\n",
       "\n",
       "        [[ True,  True,  True, ...,  True,  True,  True],\n",
       "         [ True,  True,  True, ...,  True,  True,  True],\n",
       "         [ True,  True,  True, ...,  True,  True,  True],\n",
       "         ...,\n",
       "         [ True,  True,  True, ...,  True,  True,  True],\n",
       "         [ True,  True,  True, ...,  True,  True,  True],\n",
       "         [ True,  True,  True, ...,  True,  True,  True]]],\n",
       "\n",
       "\n",
       "       [[[False, False, False, ..., False, False, False],\n",
       "         [False, False, False, ..., False, False, False],\n",
       "         [False, False, False, ..., False, False, False],\n",
       "         ...,\n",
       "         [False, False, False, ..., False, False, False],\n",
       "         [False, False, False, ..., False, False, False],\n",
       "         [False, False, False, ..., False, False, False]],\n",
       "\n",
       "        [[False, False, False, ..., False, False, False],\n",
       "         [False, False, False, ..., False, False, False],\n",
       "         [False, False, False, ..., False, False, False],\n",
       "         ...,\n",
       "         [False, False, False, ..., False, False, False],\n",
       "         [False, False, False, ..., False, False, False],\n",
       "         [False, False, False, ..., False, False, False]],\n",
       "\n",
       "        [[False, False, False, ..., False, False, False],\n",
       "         [False, False, False, ..., False, False, False],\n",
       "         [False, False, False, ..., False, False, False],\n",
       "         ...,\n",
       "         [False, False, False, ..., False, False, False],\n",
       "         [False, False, False, ..., False, False, False],\n",
       "         [False, False, False, ..., False, False, False]],\n",
       "\n",
       "        ...,\n",
       "\n",
       "        [[False, False, False, ..., False, False, False],\n",
       "         [False, False, False, ..., False, False, False],\n",
       "         [False, False, False, ..., False, False, False],\n",
       "         ...,\n",
       "         [False, False, False, ..., False, False, False],\n",
       "         [False, False, False, ..., False, False, False],\n",
       "         [False, False, False, ..., False, False, False]],\n",
       "\n",
       "        [[False, False, False, ..., False, False, False],\n",
       "         [False, False, False, ..., False, False, False],\n",
       "         [False, False, False, ..., False, False, False],\n",
       "         ...,\n",
       "         [False, False, False, ..., False, False, False],\n",
       "         [False, False, False, ..., False, False, False],\n",
       "         [False, False, False, ..., False, False, False]],\n",
       "\n",
       "        [[False, False, False, ..., False, False, False],\n",
       "         [False, False, False, ..., False, False, False],\n",
       "         [False, False, False, ..., False, False, False],\n",
       "         ...,\n",
       "         [False, False, False, ..., False, False, False],\n",
       "         [False, False, False, ..., False, False, False],\n",
       "         [False, False, False, ..., False, False, False]]],\n",
       "\n",
       "\n",
       "       [[[False, False, False, ..., False, False, False],\n",
       "         [False, False, False, ..., False, False, False],\n",
       "         [False, False, False, ..., False, False, False],\n",
       "         ...,\n",
       "         [False, False, False, ..., False, False, False],\n",
       "         [False, False, False, ..., False, False, False],\n",
       "         [False, False, False, ..., False, False, False]],\n",
       "\n",
       "        [[False, False, False, ..., False, False, False],\n",
       "         [False, False, False, ..., False, False, False],\n",
       "         [False, False, False, ..., False, False, False],\n",
       "         ...,\n",
       "         [False, False, False, ..., False, False, False],\n",
       "         [False, False, False, ..., False, False, False],\n",
       "         [False, False, False, ..., False, False, False]],\n",
       "\n",
       "        [[False, False, False, ..., False, False, False],\n",
       "         [False, False, False, ..., False, False, False],\n",
       "         [False, False, False, ..., False, False, False],\n",
       "         ...,\n",
       "         [False, False, False, ..., False, False, False],\n",
       "         [False, False, False, ..., False, False, False],\n",
       "         [False, False, False, ..., False, False, False]],\n",
       "\n",
       "        ...,\n",
       "\n",
       "        [[False, False, False, ..., False, False, False],\n",
       "         [False, False, False, ..., False, False, False],\n",
       "         [False, False, False, ..., False, False, False],\n",
       "         ...,\n",
       "         [False, False, False, ..., False, False, False],\n",
       "         [False, False, False, ..., False, False, False],\n",
       "         [False, False, False, ..., False, False, False]],\n",
       "\n",
       "        [[False, False, False, ..., False, False, False],\n",
       "         [False, False, False, ..., False, False, False],\n",
       "         [False, False, False, ..., False, False, False],\n",
       "         ...,\n",
       "         [False, False, False, ..., False, False, False],\n",
       "         [False, False, False, ..., False, False, False],\n",
       "         [False, False, False, ..., False, False, False]],\n",
       "\n",
       "        [[False, False, False, ..., False, False, False],\n",
       "         [False, False, False, ..., False, False, False],\n",
       "         [False, False, False, ..., False, False, False],\n",
       "         ...,\n",
       "         [False, False, False, ..., False, False, False],\n",
       "         [False, False, False, ..., False, False, False],\n",
       "         [False, False, False, ..., False, False, False]]],\n",
       "\n",
       "\n",
       "       [[[False, False, False, ..., False, False, False],\n",
       "         [False, False, False, ..., False, False, False],\n",
       "         [False, False, False, ..., False, False, False],\n",
       "         ...,\n",
       "         [False, False, False, ..., False, False, False],\n",
       "         [False, False, False, ..., False, False, False],\n",
       "         [False, False, False, ..., False, False, False]],\n",
       "\n",
       "        [[False, False, False, ..., False, False, False],\n",
       "         [False, False, False, ..., False, False, False],\n",
       "         [False, False, False, ..., False, False, False],\n",
       "         ...,\n",
       "         [False, False, False, ..., False, False, False],\n",
       "         [False, False, False, ..., False, False, False],\n",
       "         [False, False, False, ..., False, False, False]],\n",
       "\n",
       "        [[False, False, False, ..., False, False, False],\n",
       "         [False, False, False, ..., False, False, False],\n",
       "         [False, False, False, ..., False, False, False],\n",
       "         ...,\n",
       "         [False, False, False, ..., False, False, False],\n",
       "         [False, False, False, ..., False, False, False],\n",
       "         [False, False, False, ..., False, False, False]],\n",
       "\n",
       "        ...,\n",
       "\n",
       "        [[False, False, False, ..., False, False, False],\n",
       "         [False, False, False, ..., False, False, False],\n",
       "         [False, False, False, ..., False, False, False],\n",
       "         ...,\n",
       "         [False, False, False, ..., False, False, False],\n",
       "         [False, False, False, ..., False, False, False],\n",
       "         [False, False, False, ..., False, False, False]],\n",
       "\n",
       "        [[False, False, False, ..., False, False, False],\n",
       "         [False, False, False, ..., False, False, False],\n",
       "         [False, False, False, ..., False, False, False],\n",
       "         ...,\n",
       "         [False, False, False, ..., False, False, False],\n",
       "         [False, False, False, ..., False, False, False],\n",
       "         [False, False, False, ..., False, False, False]],\n",
       "\n",
       "        [[False, False, False, ..., False, False, False],\n",
       "         [False, False, False, ..., False, False, False],\n",
       "         [False, False, False, ..., False, False, False],\n",
       "         ...,\n",
       "         [False, False, False, ..., False, False, False],\n",
       "         [False, False, False, ..., False, False, False],\n",
       "         [False, False, False, ..., False, False, False]]]])"
      ]
     },
     "execution_count": 14,
     "metadata": {},
     "output_type": "execute_result"
    }
   ],
   "source": [
    "mep == mop"
   ]
  },
  {
   "cell_type": "code",
   "execution_count": 11,
   "id": "bc758ea2",
   "metadata": {},
   "outputs": [
    {
     "ename": "AssertionError",
     "evalue": "\nArrays are not almost equal to 6 decimals\n\nMismatched elements: 4787377 / 6400000 (74.8%)\nMax absolute difference: 5.1644375e+294\nMax relative difference: 2.74399374e+75\n x: memmap([[[[1.875851e-309, 1.171200e+171, 5.227417e-037, ...,\n           0.000000e+000, 0.000000e+000, 0.000000e+000],\n          [0.000000e+000, 0.000000e+000, 0.000000e+000, ...,...\n y: array([[[[0.000000e+00, 0.000000e+00, 0.000000e+00, ..., 0.000000e+00,\n          0.000000e+00, 0.000000e+00],\n         [0.000000e+00, 0.000000e+00, 0.000000e+00, ..., 0.000000e+00,...",
     "output_type": "error",
     "traceback": [
      "\u001b[0;31m---------------------------------------------------------------------------\u001b[0m",
      "\u001b[0;31mAssertionError\u001b[0m                            Traceback (most recent call last)",
      "\u001b[0;32m/var/folders/xp/fglbvhls6671ywk1lqtr308w0000gn/T/ipykernel_6067/1788190559.py\u001b[0m in \u001b[0;36m<module>\u001b[0;34m\u001b[0m\n\u001b[0;32m----> 1\u001b[0;31m \u001b[0mnp\u001b[0m\u001b[0;34m.\u001b[0m\u001b[0mtesting\u001b[0m\u001b[0;34m.\u001b[0m\u001b[0massert_array_almost_equal\u001b[0m\u001b[0;34m(\u001b[0m\u001b[0mmep\u001b[0m\u001b[0;34m,\u001b[0m \u001b[0mmop\u001b[0m\u001b[0;34m)\u001b[0m\u001b[0;34m\u001b[0m\u001b[0;34m\u001b[0m\u001b[0m\n\u001b[0m",
      "    \u001b[0;31m[... skipping hidden 1 frame]\u001b[0m\n",
      "\u001b[0;32m~/Projects/darkness/lib/python3.9/site-packages/numpy/testing/_private/utils.py\u001b[0m in \u001b[0;36massert_array_compare\u001b[0;34m(comparison, x, y, err_msg, verbose, header, precision, equal_nan, equal_inf)\u001b[0m\n\u001b[1;32m    842\u001b[0m                                 \u001b[0mverbose\u001b[0m\u001b[0;34m=\u001b[0m\u001b[0mverbose\u001b[0m\u001b[0;34m,\u001b[0m \u001b[0mheader\u001b[0m\u001b[0;34m=\u001b[0m\u001b[0mheader\u001b[0m\u001b[0;34m,\u001b[0m\u001b[0;34m\u001b[0m\u001b[0;34m\u001b[0m\u001b[0m\n\u001b[1;32m    843\u001b[0m                                 names=('x', 'y'), precision=precision)\n\u001b[0;32m--> 844\u001b[0;31m             \u001b[0;32mraise\u001b[0m \u001b[0mAssertionError\u001b[0m\u001b[0;34m(\u001b[0m\u001b[0mmsg\u001b[0m\u001b[0;34m)\u001b[0m\u001b[0;34m\u001b[0m\u001b[0;34m\u001b[0m\u001b[0m\n\u001b[0m\u001b[1;32m    845\u001b[0m     \u001b[0;32mexcept\u001b[0m \u001b[0mValueError\u001b[0m\u001b[0;34m:\u001b[0m\u001b[0;34m\u001b[0m\u001b[0;34m\u001b[0m\u001b[0m\n\u001b[1;32m    846\u001b[0m         \u001b[0;32mimport\u001b[0m \u001b[0mtraceback\u001b[0m\u001b[0;34m\u001b[0m\u001b[0;34m\u001b[0m\u001b[0m\n",
      "\u001b[0;31mAssertionError\u001b[0m: \nArrays are not almost equal to 6 decimals\n\nMismatched elements: 4787377 / 6400000 (74.8%)\nMax absolute difference: 5.1644375e+294\nMax relative difference: 2.74399374e+75\n x: memmap([[[[1.875851e-309, 1.171200e+171, 5.227417e-037, ...,\n           0.000000e+000, 0.000000e+000, 0.000000e+000],\n          [0.000000e+000, 0.000000e+000, 0.000000e+000, ...,...\n y: array([[[[0.000000e+00, 0.000000e+00, 0.000000e+00, ..., 0.000000e+00,\n          0.000000e+00, 0.000000e+00],\n         [0.000000e+00, 0.000000e+00, 0.000000e+00, ..., 0.000000e+00,..."
     ]
    }
   ],
   "source": [
    "np.testing.assert_array_almost_equal(mep, mop)"
   ]
  },
  {
   "cell_type": "code",
   "execution_count": 8,
   "id": "df561675",
   "metadata": {},
   "outputs": [
    {
     "data": {
      "text/plain": [
       "array([[[[0.00000000e+00, 0.00000000e+00, 0.00000000e+00, ...,\n",
       "          0.00000000e+00, 0.00000000e+00, 0.00000000e+00],\n",
       "         [0.00000000e+00, 0.00000000e+00, 0.00000000e+00, ...,\n",
       "          0.00000000e+00, 0.00000000e+00, 0.00000000e+00],\n",
       "         [0.00000000e+00, 0.00000000e+00, 0.00000000e+00, ...,\n",
       "          0.00000000e+00, 0.00000000e+00, 0.00000000e+00],\n",
       "         ...,\n",
       "         [0.00000000e+00, 0.00000000e+00, 0.00000000e+00, ...,\n",
       "          0.00000000e+00, 0.00000000e+00, 0.00000000e+00],\n",
       "         [0.00000000e+00, 0.00000000e+00, 0.00000000e+00, ...,\n",
       "          0.00000000e+00, 0.00000000e+00, 0.00000000e+00],\n",
       "         [0.00000000e+00, 0.00000000e+00, 0.00000000e+00, ...,\n",
       "          0.00000000e+00, 0.00000000e+00, 0.00000000e+00]],\n",
       "\n",
       "        [[0.00000000e+00, 0.00000000e+00, 0.00000000e+00, ...,\n",
       "          0.00000000e+00, 0.00000000e+00, 0.00000000e+00],\n",
       "         [0.00000000e+00, 0.00000000e+00, 0.00000000e+00, ...,\n",
       "          0.00000000e+00, 0.00000000e+00, 0.00000000e+00],\n",
       "         [0.00000000e+00, 0.00000000e+00, 0.00000000e+00, ...,\n",
       "          0.00000000e+00, 0.00000000e+00, 0.00000000e+00],\n",
       "         ...,\n",
       "         [0.00000000e+00, 0.00000000e+00, 0.00000000e+00, ...,\n",
       "          0.00000000e+00, 0.00000000e+00, 0.00000000e+00],\n",
       "         [0.00000000e+00, 0.00000000e+00, 0.00000000e+00, ...,\n",
       "          0.00000000e+00, 0.00000000e+00, 0.00000000e+00],\n",
       "         [0.00000000e+00, 0.00000000e+00, 0.00000000e+00, ...,\n",
       "          0.00000000e+00, 0.00000000e+00, 0.00000000e+00]],\n",
       "\n",
       "        [[0.00000000e+00, 0.00000000e+00, 0.00000000e+00, ...,\n",
       "          0.00000000e+00, 0.00000000e+00, 0.00000000e+00],\n",
       "         [0.00000000e+00, 0.00000000e+00, 0.00000000e+00, ...,\n",
       "          0.00000000e+00, 0.00000000e+00, 0.00000000e+00],\n",
       "         [0.00000000e+00, 0.00000000e+00, 0.00000000e+00, ...,\n",
       "          0.00000000e+00, 0.00000000e+00, 0.00000000e+00],\n",
       "         ...,\n",
       "         [0.00000000e+00, 0.00000000e+00, 0.00000000e+00, ...,\n",
       "          0.00000000e+00, 0.00000000e+00, 0.00000000e+00],\n",
       "         [0.00000000e+00, 0.00000000e+00, 0.00000000e+00, ...,\n",
       "          0.00000000e+00, 0.00000000e+00, 0.00000000e+00],\n",
       "         [0.00000000e+00, 0.00000000e+00, 0.00000000e+00, ...,\n",
       "          0.00000000e+00, 0.00000000e+00, 0.00000000e+00]],\n",
       "\n",
       "        ...,\n",
       "\n",
       "        [[0.00000000e+00, 0.00000000e+00, 0.00000000e+00, ...,\n",
       "          0.00000000e+00, 0.00000000e+00, 0.00000000e+00],\n",
       "         [0.00000000e+00, 0.00000000e+00, 0.00000000e+00, ...,\n",
       "          0.00000000e+00, 0.00000000e+00, 0.00000000e+00],\n",
       "         [0.00000000e+00, 0.00000000e+00, 0.00000000e+00, ...,\n",
       "          0.00000000e+00, 0.00000000e+00, 0.00000000e+00],\n",
       "         ...,\n",
       "         [0.00000000e+00, 0.00000000e+00, 0.00000000e+00, ...,\n",
       "          0.00000000e+00, 0.00000000e+00, 0.00000000e+00],\n",
       "         [0.00000000e+00, 0.00000000e+00, 0.00000000e+00, ...,\n",
       "          0.00000000e+00, 0.00000000e+00, 0.00000000e+00],\n",
       "         [0.00000000e+00, 0.00000000e+00, 0.00000000e+00, ...,\n",
       "          0.00000000e+00, 0.00000000e+00, 0.00000000e+00]],\n",
       "\n",
       "        [[0.00000000e+00, 0.00000000e+00, 0.00000000e+00, ...,\n",
       "          0.00000000e+00, 0.00000000e+00, 0.00000000e+00],\n",
       "         [0.00000000e+00, 0.00000000e+00, 0.00000000e+00, ...,\n",
       "          0.00000000e+00, 0.00000000e+00, 0.00000000e+00],\n",
       "         [0.00000000e+00, 0.00000000e+00, 0.00000000e+00, ...,\n",
       "          0.00000000e+00, 0.00000000e+00, 0.00000000e+00],\n",
       "         ...,\n",
       "         [0.00000000e+00, 0.00000000e+00, 0.00000000e+00, ...,\n",
       "          0.00000000e+00, 0.00000000e+00, 0.00000000e+00],\n",
       "         [0.00000000e+00, 0.00000000e+00, 0.00000000e+00, ...,\n",
       "          0.00000000e+00, 0.00000000e+00, 0.00000000e+00],\n",
       "         [0.00000000e+00, 0.00000000e+00, 0.00000000e+00, ...,\n",
       "          0.00000000e+00, 0.00000000e+00, 0.00000000e+00]],\n",
       "\n",
       "        [[0.00000000e+00, 0.00000000e+00, 0.00000000e+00, ...,\n",
       "          0.00000000e+00, 0.00000000e+00, 0.00000000e+00],\n",
       "         [0.00000000e+00, 0.00000000e+00, 0.00000000e+00, ...,\n",
       "          0.00000000e+00, 0.00000000e+00, 0.00000000e+00],\n",
       "         [0.00000000e+00, 0.00000000e+00, 0.00000000e+00, ...,\n",
       "          0.00000000e+00, 0.00000000e+00, 0.00000000e+00],\n",
       "         ...,\n",
       "         [0.00000000e+00, 0.00000000e+00, 0.00000000e+00, ...,\n",
       "          0.00000000e+00, 0.00000000e+00, 0.00000000e+00],\n",
       "         [0.00000000e+00, 0.00000000e+00, 0.00000000e+00, ...,\n",
       "          0.00000000e+00, 0.00000000e+00, 0.00000000e+00],\n",
       "         [0.00000000e+00, 0.00000000e+00, 0.00000000e+00, ...,\n",
       "          0.00000000e+00, 0.00000000e+00, 0.00000000e+00]]],\n",
       "\n",
       "\n",
       "       [[[4.34396354e-09, 4.96731957e-09, 5.67625243e-09, ...,\n",
       "          6.48187261e-09, 5.67625243e-09, 4.96731957e-09],\n",
       "         [4.96731957e-09, 5.68396518e-09, 6.49958831e-09, ...,\n",
       "          7.42712820e-09, 6.49958831e-09, 5.68396518e-09],\n",
       "         [5.67625243e-09, 6.49958831e-09, 7.43732305e-09, ...,\n",
       "          8.50451529e-09, 7.43732305e-09, 6.49958831e-09],\n",
       "         ...,\n",
       "         [6.48187261e-09, 7.42712820e-09, 8.50451529e-09, ...,\n",
       "          9.73154696e-09, 8.50451529e-09, 7.42712820e-09],\n",
       "         [5.67625243e-09, 6.49958831e-09, 7.43732305e-09, ...,\n",
       "          8.50451529e-09, 7.43732305e-09, 6.49958831e-09],\n",
       "         [4.96731957e-09, 5.68396518e-09, 6.49958831e-09, ...,\n",
       "          7.42712820e-09, 6.49958831e-09, 5.68396518e-09]],\n",
       "\n",
       "        [[7.16198509e-09, 8.18972544e-09, 9.35855811e-09, ...,\n",
       "          1.06868012e-08, 9.35855811e-09, 8.18972544e-09],\n",
       "         [8.18972544e-09, 9.37127430e-09, 1.07160095e-08, ...,\n",
       "          1.22452642e-08, 1.07160095e-08, 9.37127430e-09],\n",
       "         [9.35855811e-09, 1.07160095e-08, 1.22620727e-08, ...,\n",
       "          1.40215753e-08, 1.22620727e-08, 1.07160095e-08],\n",
       "         ...,\n",
       "         [1.06868012e-08, 1.22452642e-08, 1.40215753e-08, ...,\n",
       "          1.60446085e-08, 1.40215753e-08, 1.22452642e-08],\n",
       "         [9.35855811e-09, 1.07160095e-08, 1.22620727e-08, ...,\n",
       "          1.40215753e-08, 1.22620727e-08, 1.07160095e-08],\n",
       "         [8.18972544e-09, 9.37127430e-09, 1.07160095e-08, ...,\n",
       "          1.22452642e-08, 1.07160095e-08, 9.37127430e-09]],\n",
       "\n",
       "        [[1.18081172e-08, 1.35025745e-08, 1.54296538e-08, ...,\n",
       "          1.76195565e-08, 1.54296538e-08, 1.35025745e-08],\n",
       "         [1.35025745e-08, 1.54506193e-08, 1.76677128e-08, ...,\n",
       "          2.01890276e-08, 1.76677128e-08, 1.54506193e-08],\n",
       "         [1.54296538e-08, 1.76677128e-08, 2.02167401e-08, ...,\n",
       "          2.31176694e-08, 2.02167401e-08, 1.76677128e-08],\n",
       "         ...,\n",
       "         [1.76195565e-08, 2.01890276e-08, 2.31176694e-08, ...,\n",
       "          2.64530873e-08, 2.31176694e-08, 2.01890276e-08],\n",
       "         [1.54296538e-08, 1.76677128e-08, 2.02167401e-08, ...,\n",
       "          2.31176694e-08, 2.02167401e-08, 1.76677128e-08],\n",
       "         [1.35025745e-08, 1.54506193e-08, 1.76677128e-08, ...,\n",
       "          2.01890276e-08, 1.76677128e-08, 1.54506193e-08]],\n",
       "\n",
       "        ...,\n",
       "\n",
       "        [[1.94682939e-08, 2.22619818e-08, 2.54391985e-08, ...,\n",
       "          2.90497376e-08, 2.54391985e-08, 2.22619818e-08],\n",
       "         [2.22619818e-08, 2.54737646e-08, 2.91291339e-08, ...,\n",
       "          3.32860793e-08, 2.91291339e-08, 2.54737646e-08],\n",
       "         [2.54391985e-08, 2.91291339e-08, 3.33317694e-08, ...,\n",
       "          3.81145932e-08, 3.33317694e-08, 2.91291339e-08],\n",
       "         ...,\n",
       "         [2.90497376e-08, 3.32860793e-08, 3.81145932e-08, ...,\n",
       "          4.36137677e-08, 3.81145932e-08, 3.32860793e-08],\n",
       "         [2.54391985e-08, 2.91291339e-08, 3.33317694e-08, ...,\n",
       "          3.81145932e-08, 3.33317694e-08, 2.91291339e-08],\n",
       "         [2.22619818e-08, 2.54737646e-08, 2.91291339e-08, ...,\n",
       "          3.32860793e-08, 2.91291339e-08, 2.54737646e-08]],\n",
       "\n",
       "        [[1.18081172e-08, 1.35025745e-08, 1.54296538e-08, ...,\n",
       "          1.76195565e-08, 1.54296538e-08, 1.35025745e-08],\n",
       "         [1.35025745e-08, 1.54506193e-08, 1.76677128e-08, ...,\n",
       "          2.01890276e-08, 1.76677128e-08, 1.54506193e-08],\n",
       "         [1.54296538e-08, 1.76677128e-08, 2.02167401e-08, ...,\n",
       "          2.31176694e-08, 2.02167401e-08, 1.76677128e-08],\n",
       "         ...,\n",
       "         [1.76195565e-08, 2.01890276e-08, 2.31176694e-08, ...,\n",
       "          2.64530873e-08, 2.31176694e-08, 2.01890276e-08],\n",
       "         [1.54296538e-08, 1.76677128e-08, 2.02167401e-08, ...,\n",
       "          2.31176694e-08, 2.02167401e-08, 1.76677128e-08],\n",
       "         [1.35025745e-08, 1.54506193e-08, 1.76677128e-08, ...,\n",
       "          2.01890276e-08, 1.76677128e-08, 1.54506193e-08]],\n",
       "\n",
       "        [[7.16198509e-09, 8.18972544e-09, 9.35855811e-09, ...,\n",
       "          1.06868012e-08, 9.35855811e-09, 8.18972544e-09],\n",
       "         [8.18972544e-09, 9.37127430e-09, 1.07160095e-08, ...,\n",
       "          1.22452642e-08, 1.07160095e-08, 9.37127430e-09],\n",
       "         [9.35855811e-09, 1.07160095e-08, 1.22620727e-08, ...,\n",
       "          1.40215753e-08, 1.22620727e-08, 1.07160095e-08],\n",
       "         ...,\n",
       "         [1.06868012e-08, 1.22452642e-08, 1.40215753e-08, ...,\n",
       "          1.60446085e-08, 1.40215753e-08, 1.22452642e-08],\n",
       "         [9.35855811e-09, 1.07160095e-08, 1.22620727e-08, ...,\n",
       "          1.40215753e-08, 1.22620727e-08, 1.07160095e-08],\n",
       "         [8.18972544e-09, 9.37127430e-09, 1.07160095e-08, ...,\n",
       "          1.22452642e-08, 1.07160095e-08, 9.37127430e-09]]],\n",
       "\n",
       "\n",
       "       [[[3.38259027e-04, 3.59926871e-04, 3.82861712e-04, ...,\n",
       "          4.07127390e-04, 3.82861712e-04, 3.59926871e-04],\n",
       "         [3.59926871e-04, 3.83102502e-04, 4.07642236e-04, ...,\n",
       "          4.33615447e-04, 4.07642236e-04, 3.83102502e-04],\n",
       "         [3.82861712e-04, 4.07642236e-04, 4.33890941e-04, ...,\n",
       "          4.61683193e-04, 4.33890941e-04, 4.07642236e-04],\n",
       "         ...,\n",
       "         [4.07127390e-04, 4.33615447e-04, 4.61683193e-04, ...,\n",
       "          4.91412474e-04, 4.61683193e-04, 4.33615447e-04],\n",
       "         [3.82861712e-04, 4.07642236e-04, 4.33890941e-04, ...,\n",
       "          4.61683193e-04, 4.33890941e-04, 4.07642236e-04],\n",
       "         [3.59926871e-04, 3.83102502e-04, 4.07642236e-04, ...,\n",
       "          4.33615447e-04, 4.07642236e-04, 3.83102502e-04]],\n",
       "\n",
       "        [[5.57694852e-04, 5.93419088e-04, 6.31232249e-04, ...,\n",
       "          6.71239588e-04, 6.31232249e-04, 5.93419088e-04],\n",
       "         [5.93419088e-04, 6.31629244e-04, 6.72088425e-04, ...,\n",
       "          7.14911011e-04, 6.72088425e-04, 6.31629244e-04],\n",
       "         [6.31232249e-04, 6.72088425e-04, 7.15365223e-04, ...,\n",
       "          7.61186901e-04, 7.15365223e-04, 6.72088425e-04],\n",
       "         ...,\n",
       "         [6.71239588e-04, 7.14911011e-04, 7.61186901e-04, ...,\n",
       "          8.10202199e-04, 7.61186901e-04, 7.14911011e-04],\n",
       "         [6.31232249e-04, 6.72088425e-04, 7.15365223e-04, ...,\n",
       "          7.61186901e-04, 7.15365223e-04, 6.72088425e-04],\n",
       "         [5.93419088e-04, 6.31629244e-04, 6.72088425e-04, ...,\n",
       "          7.14911011e-04, 6.72088425e-04, 6.31629244e-04]],\n",
       "\n",
       "        [[9.19483365e-04, 9.78382672e-04, 1.04072603e-03, ...,\n",
       "          1.10668699e-03, 1.04072603e-03, 9.78382672e-04],\n",
       "         [9.78382672e-04, 1.04138057e-03, 1.10808648e-03, ...,\n",
       "          1.17868899e-03, 1.10808648e-03, 1.04138057e-03],\n",
       "         [1.04072603e-03, 1.10808648e-03, 1.17943786e-03, ...,\n",
       "          1.25498503e-03, 1.17943786e-03, 1.10808648e-03],\n",
       "         ...,\n",
       "         [1.10668699e-03, 1.17868899e-03, 1.25498503e-03, ...,\n",
       "          1.33579760e-03, 1.25498503e-03, 1.17868899e-03],\n",
       "         [1.04072603e-03, 1.10808648e-03, 1.17943786e-03, ...,\n",
       "          1.25498503e-03, 1.17943786e-03, 1.10808648e-03],\n",
       "         [9.78382672e-04, 1.04138057e-03, 1.10808648e-03, ...,\n",
       "          1.17868899e-03, 1.10808648e-03, 1.04138057e-03]],\n",
       "\n",
       "        ...,\n",
       "\n",
       "        [[1.51597178e-03, 1.61308032e-03, 1.71586715e-03, ...,\n",
       "          1.82461837e-03, 1.71586715e-03, 1.61308032e-03],\n",
       "         [1.61308032e-03, 1.71694630e-03, 1.82692575e-03, ...,\n",
       "          1.94332961e-03, 1.82692575e-03, 1.71694630e-03],\n",
       "         [1.71586715e-03, 1.82692575e-03, 1.94456429e-03, ...,\n",
       "          2.06912052e-03, 1.94456429e-03, 1.82692575e-03],\n",
       "         ...,\n",
       "         [1.82461837e-03, 1.94332961e-03, 2.06912052e-03, ...,\n",
       "          2.20235791e-03, 2.06912052e-03, 1.94332961e-03],\n",
       "         [1.71586715e-03, 1.82692575e-03, 1.94456429e-03, ...,\n",
       "          2.06912052e-03, 1.94456429e-03, 1.82692575e-03],\n",
       "         [1.61308032e-03, 1.71694630e-03, 1.82692575e-03, ...,\n",
       "          1.94332961e-03, 1.82692575e-03, 1.71694630e-03]],\n",
       "\n",
       "        [[9.19483365e-04, 9.78382672e-04, 1.04072603e-03, ...,\n",
       "          1.10668699e-03, 1.04072603e-03, 9.78382672e-04],\n",
       "         [9.78382672e-04, 1.04138057e-03, 1.10808648e-03, ...,\n",
       "          1.17868899e-03, 1.10808648e-03, 1.04138057e-03],\n",
       "         [1.04072603e-03, 1.10808648e-03, 1.17943786e-03, ...,\n",
       "          1.25498503e-03, 1.17943786e-03, 1.10808648e-03],\n",
       "         ...,\n",
       "         [1.10668699e-03, 1.17868899e-03, 1.25498503e-03, ...,\n",
       "          1.33579760e-03, 1.25498503e-03, 1.17868899e-03],\n",
       "         [1.04072603e-03, 1.10808648e-03, 1.17943786e-03, ...,\n",
       "          1.25498503e-03, 1.17943786e-03, 1.10808648e-03],\n",
       "         [9.78382672e-04, 1.04138057e-03, 1.10808648e-03, ...,\n",
       "          1.17868899e-03, 1.10808648e-03, 1.04138057e-03]],\n",
       "\n",
       "        [[5.57694852e-04, 5.93419088e-04, 6.31232249e-04, ...,\n",
       "          6.71239588e-04, 6.31232249e-04, 5.93419088e-04],\n",
       "         [5.93419088e-04, 6.31629244e-04, 6.72088425e-04, ...,\n",
       "          7.14911011e-04, 6.72088425e-04, 6.31629244e-04],\n",
       "         [6.31232249e-04, 6.72088425e-04, 7.15365223e-04, ...,\n",
       "          7.61186901e-04, 7.15365223e-04, 6.72088425e-04],\n",
       "         ...,\n",
       "         [6.71239588e-04, 7.14911011e-04, 7.61186901e-04, ...,\n",
       "          8.10202199e-04, 7.61186901e-04, 7.14911011e-04],\n",
       "         [6.31232249e-04, 6.72088425e-04, 7.15365223e-04, ...,\n",
       "          7.61186901e-04, 7.15365223e-04, 6.72088425e-04],\n",
       "         [5.93419088e-04, 6.31629244e-04, 6.72088425e-04, ...,\n",
       "          7.14911011e-04, 6.72088425e-04, 6.31629244e-04]]],\n",
       "\n",
       "\n",
       "       [[[5.22615105e-04, 5.58697566e-04, 5.97066675e-04, ...,\n",
       "          6.37849010e-04, 5.97066675e-04, 5.58697566e-04],\n",
       "         [5.58697566e-04, 5.97470436e-04, 6.38716293e-04, ...,\n",
       "          6.82573245e-04, 6.38716293e-04, 5.97470436e-04],\n",
       "         [5.97066675e-04, 6.38716293e-04, 6.83039499e-04, ...,\n",
       "          7.30186926e-04, 6.83039499e-04, 6.38716293e-04],\n",
       "         ...,\n",
       "         [6.37849010e-04, 6.82573245e-04, 7.30186926e-04, ...,\n",
       "          7.80854282e-04, 7.30186926e-04, 6.82573245e-04],\n",
       "         [5.97066675e-04, 6.38716293e-04, 6.83039499e-04, ...,\n",
       "          7.30186926e-04, 6.83039499e-04, 6.38716293e-04],\n",
       "         [5.58697566e-04, 5.97470436e-04, 6.38716293e-04, ...,\n",
       "          6.82573245e-04, 6.38716293e-04, 5.97470436e-04]],\n",
       "\n",
       "        [[8.61646639e-04, 9.21136562e-04, 9.84396527e-04, ...,\n",
       "          1.05163523e-03, 9.84396527e-04, 9.21136562e-04],\n",
       "         [9.21136562e-04, 9.85062216e-04, 1.05306514e-03, ...,\n",
       "          1.12537303e-03, 1.05306514e-03, 9.85062216e-04],\n",
       "         [9.84396527e-04, 1.05306514e-03, 1.12614175e-03, ...,\n",
       "          1.20387472e-03, 1.12614175e-03, 1.05306514e-03],\n",
       "         ...,\n",
       "         [1.05163523e-03, 1.12537303e-03, 1.20387472e-03, ...,\n",
       "          1.28741106e-03, 1.20387472e-03, 1.12537303e-03],\n",
       "         [9.84396527e-04, 1.05306514e-03, 1.12614175e-03, ...,\n",
       "          1.20387472e-03, 1.12614175e-03, 1.05306514e-03],\n",
       "         [9.21136562e-04, 9.85062216e-04, 1.05306514e-03, ...,\n",
       "          1.12537303e-03, 1.05306514e-03, 9.85062216e-04]],\n",
       "\n",
       "        [[1.42061514e-03, 1.51869744e-03, 1.62299549e-03, ...,\n",
       "          1.73385337e-03, 1.62299549e-03, 1.51869744e-03],\n",
       "         [1.51869744e-03, 1.62409303e-03, 1.73621089e-03, ...,\n",
       "          1.85542645e-03, 1.73621089e-03, 1.62409303e-03],\n",
       "         [1.62299549e-03, 1.73621089e-03, 1.85669386e-03, ...,\n",
       "          1.98485385e-03, 1.85669386e-03, 1.73621089e-03],\n",
       "         ...,\n",
       "         [1.73385337e-03, 1.85542645e-03, 1.98485385e-03, ...,\n",
       "          2.12258201e-03, 1.98485385e-03, 1.85542645e-03],\n",
       "         [1.62299549e-03, 1.73621089e-03, 1.85669386e-03, ...,\n",
       "          1.98485385e-03, 1.85669386e-03, 1.73621089e-03],\n",
       "         [1.51869744e-03, 1.62409303e-03, 1.73621089e-03, ...,\n",
       "          1.85542645e-03, 1.73621089e-03, 1.62409303e-03]],\n",
       "\n",
       "        ...,\n",
       "\n",
       "        [[2.34219840e-03, 2.50390878e-03, 2.67586719e-03, ...,\n",
       "          2.85864094e-03, 2.67586719e-03, 2.50390878e-03],\n",
       "         [2.50390878e-03, 2.67767672e-03, 2.86252783e-03, ...,\n",
       "          3.05908105e-03, 2.86252783e-03, 2.67767672e-03],\n",
       "         [2.67586719e-03, 2.86252783e-03, 3.06117066e-03, ...,\n",
       "          3.27247076e-03, 3.06117066e-03, 2.86252783e-03],\n",
       "         ...,\n",
       "         [2.85864094e-03, 3.05908105e-03, 3.27247076e-03, ...,\n",
       "          3.49954610e-03, 3.27247076e-03, 3.05908105e-03],\n",
       "         [2.67586719e-03, 2.86252783e-03, 3.06117066e-03, ...,\n",
       "          3.27247076e-03, 3.06117066e-03, 2.86252783e-03],\n",
